0.000000000000000000e+00 1.387776743528816303e-01 1.365734629777552722e-01 9.930179490313441326e-02 5.492204798098089535e-02 3.756752306198180708e-02 8.565219103538944390e-02 8.254666368427689138e-02 2.953512369565210460e-01 1.165939536837714285e-01 1.131933728186551302e-01 9.360326240348829097e-02 6.072819823806871464e-02 3.366426073916983092e-02 7.879287117775536642e-02 9.123111634266956038e-02 2.350113250657231423e-01 2.197460724297267964e-01 2.026799028276036196e-01 1.475419222378668016e-01 1.873909917025280980e-01 2.081393438119314709e-01 2.277766081945905297e-01 1.989280207075331819e-01 1.991661490965627446e-01 2.569464132108192911e-01 2.292998999342772126e-01 2.059669527280083567e-01 2.415444500707784325e-01 2.647293287937313444e-01 2.620172204347825384e-01 2.172562338230030754e-01 1.661626457978769844e-01 1.865980682027806314e-01 2.051498603043983848e-01 1.543019302618807709e-01 1.942845570829629942e-01 1.468762359620827684e-01 1.751999060247730056e-01 1.216228238257837241e-01 1.591397506347830282e-01 1.193354660787666333e-01 1.052073886238119316e-01 1.591905646519213291e-01 1.750540665090496995e-01 1.491688863887762340e-01 1.130541027674417665e-01 2.281426087917085843e-01 1.694353986299293180e-01 1.317714229216380706e-01 1.429127417881697060e-01 1.233504912000959880e-01 1.291722672441862063e-01 2.721522770626896848e-01 2.141774379504044756e-01 2.025580087345798808e-01 2.446249265116282878e-01 1.373125057675936289e-01 1.533387614130434229e-01 2.751431861071787499e-01 1.552235027436806858e-01 2.092689795343785908e-01 1.572312374875635965e-01 2.218741459959554796e-01 2.954446261375128779e-01 2.888355413902929936e-01 2.782627647118304792e-01 2.258869227583418793e-01 2.441740549327601484e-01 1.761364279965117741e-01 1.831361248296761446e-01 2.354241877133471383e-01 1.934386468569768147e-01 1.944121557866531624e-01 2.634158845254749859e-01 2.374204139264410873e-01 1.971308429020220410e-01 2.377611295778562783e-01 2.076218318934782703e-01 2.696531602123358740e-01 2.439579937082910766e-01 2.634779339186555380e-01 2.677706577704750956e-01 2.181674796006067285e-01 1.501822662856418245e-01 1.917807581872092715e-01 1.811808471818503186e-01 1.537257462689078369e-01 1.767516787477248219e-01 2.102118443397372471e-01 1.378379950210313898e-01 1.429430728216883606e-01 1.655724813580385646e-01 1.533674718661275360e-01 1.271341236304346367e-01 2.627781160010110861e-01 9.542422425596559787e-02 2.097174128034378637e-01 1.323486164416327604e-01 1.252916788822045491e-01 9.848495103144590257e-02 1.613815634787661157e-01 1.345757204515168892e-01 1.312598752762893783e-01 1.853006981157736266e-01 2.219035668554093232e-01 2.433178948321542967e-01 2.519603500455004363e-01 2.324861873609704588e-01 1.954588796931243655e-01 1.310070107678968643e-01 2.831329370171893345e-01 1.937317546583420813e-01 2.371288651011121684e-01 2.933244190091000014e-01 2.738156084580387617e-01
1.387776743528816303e-01 0.000000000000000000e+00 4.935573703437811516e-02 5.575181427982815047e-02 2.943831589868558044e-02 2.456120794140545863e-02 4.905376662386243952e-02 3.976302141804853585e-02 1.143385514762386423e-01 1.247419600015165914e-01 4.558524834590488295e-02 5.365743596680993405e-02 2.909711623877658457e-02 2.372654334979777679e-02 4.525266999504561072e-02 4.243667614256821374e-02 8.210503352780589015e-02 9.531147071233556090e-02 8.731029444428702047e-02 6.285548631718913815e-02 6.803192450510604783e-02 7.359791897876651057e-02 1.184442188670375568e-01 8.968716270309412542e-02 8.812034745687583048e-02 1.220522974878665984e-01 9.737066882103131982e-02 1.086564018628818212e-01 1.303115672197674435e-01 1.374349976122345163e-01 1.326545517068756508e-01 1.115367157413550414e-01 9.361519885353890291e-02 8.500868364858429893e-02 1.030350868761377020e-01 6.375062691811424209e-02 9.277759452047534827e-02 8.710721805955523589e-02 8.819756974454007192e-02 6.431133601263910871e-02 7.903775689838231366e-02 6.385245442108203329e-02 5.930731158270974301e-02 6.361912997017188376e-02 7.393087459908995185e-02 8.256588605070784570e-02 5.161828987451970441e-02 1.285617801112233227e-01 6.417487620110212676e-02 5.522191862924157035e-02 6.342786328063701462e-02 7.138835079630949376e-02 5.132862135844280110e-02 1.393025372057631328e-01 1.074862660511628487e-01 1.196111965030335206e-01 7.295468047113230770e-02 6.453541203069247667e-02 8.183162736607704768e-02 8.829144622285141353e-02 5.789449496530329337e-02 8.868641868185038468e-02 6.434331210940338885e-02 6.703991640050545320e-02 7.370961748796746316e-02 8.084797852087961811e-02 1.125845573178462372e-01 1.008778599745853016e-01 1.274555595406469399e-01 6.909022306825080006e-02 6.872852838435286604e-02 9.210040731799802594e-02 8.972177832254815688e-02 8.528650978816967876e-02 1.229491602038419590e-01 1.084402125444894477e-01 1.086896918303841136e-01 1.300493032838219432e-01 1.151146893080384204e-01 1.428977542491404185e-01 1.191146263574316688e-01 1.370985573068756180e-01 1.222255621257832686e-01 1.177554240313447992e-01 6.663572878892819185e-02 8.518674925834165967e-02 8.511813146905966576e-02 9.169396615217384472e-02 9.344660755075843983e-02 1.203620207871587966e-01 7.514689372699683012e-02 7.406479356961585825e-02 7.178188219282105598e-02 8.054791358392315859e-02 6.033002954585435507e-02 1.581908971132457153e-01 6.923045224908984385e-02 5.548031563887755035e-02 5.529912882386239098e-02 5.897467625535897373e-02 6.242852398741161740e-02 5.966778556102125125e-02 5.207469112608698741e-02 5.986366959176956520e-02 6.037211322536396169e-02 6.745684456622846881e-02 7.703421748048533413e-02 1.556833925672393149e-01 1.297940137891811230e-01 8.011531011425691851e-02 7.781276542381204697e-02 9.046738433164812354e-02 8.203172386552073925e-02 6.373572604469167346e-02 7.403700637512647398e-02 7.150461392101629954e-02
1.365734629777552722e-01 4.935573703437811516e-02 0.000000000000000000e+00 1.868513852426692545e-01 4.655796063771492493e-02 4.331450817244686391e-02 1.092706649251769524e-01 8.914799432659234468e-02 1.123351454656217052e-01 4.959743151097060349e-02 1.342518376046509809e-01 1.322421643442872330e-01 4.738938700515676894e-02 3.569524880808893491e-02 9.669356549241671372e-02 9.289587680352391630e-02 1.253543241452476920e-01 1.937723721739128824e-01 1.889912235192113266e-01 1.454082528569264898e-01 1.997885608518706335e-01 2.103604663599589475e-01 1.923786904504549977e-01 1.927265495389283712e-01 1.960008303538927910e-01 2.056594441036401766e-01 2.014728810951461058e-01 1.965342870743174986e-01 1.786422081769463710e-01 1.935071451547019927e-01 2.121362026309411009e-01 1.971547492077853903e-01 1.714537172345804716e-01 1.896047805308392065e-01 1.684692932716888025e-01 1.751034912932255549e-01 1.879139891708795085e-01 1.510233003907988647e-01 1.825474984686551172e-01 1.650066971673408711e-01 1.631582716587459680e-01 1.468981810540948563e-01 1.482940738853387175e-01 1.834653438977249806e-01 2.058445383311431343e-01 1.539339021865521462e-01 7.869109663296254553e-02 1.082905802775531723e-01 1.071337830596562624e-01 1.431529299962591428e-01 1.498491986258849162e-01 1.377761291632962071e-01 1.163408524574823383e-01 1.100182638612740016e-01 1.259017698948434183e-01 1.734339999868554361e-01 1.301972126709302069e-01 1.094889597738622905e-01 1.071283213325074785e-01 1.140454124329626923e-01 1.280046456299294144e-01 1.022120413033368591e-01 1.054114307738628492e-01 1.194022346319510292e-01 1.450491622027302308e-01 1.377303022951467948e-01 1.456023508913042996e-01 1.969531396334681939e-01 1.994043748847318387e-01 1.765912952927198298e-01 2.086596012628915975e-01 2.163864239059658245e-01 1.839079137115266771e-01 1.967398463068755765e-01 2.185681164125381493e-01 2.046376447391303199e-01 1.807124800080888438e-01 1.684068911813446645e-01 1.872914428223964867e-01 1.817724184378158581e-01 2.007919517017192623e-01 2.197984729747219923e-01 2.049370890444899562e-01 1.729304700074823509e-01 1.721804597118298252e-01 1.918992427982812166e-01 2.038919962982804202e-01 1.723470569716882839e-01 1.849806827198691717e-01 1.814523405510617970e-01 1.815157284246715352e-01 1.781308525373203888e-01 2.046576539266940775e-01 1.860620626253794430e-01 8.554631703938334053e-02 1.242703022906977706e-01 1.254613089817996630e-01 1.216182710035896841e-01 1.200176723462086925e-01 1.517221040372094543e-01 1.431924412409000258e-01 1.297208218028816085e-01 1.185893183990900795e-01 1.558798175793731089e-01 1.793084696931243061e-01 1.185997019886755460e-01 1.257209011517189667e-01 1.221435025578867795e-01 1.554676560995958967e-01 1.219138098423155070e-01 1.189142388463094446e-01 1.168449962792214580e-01 1.058850412923154488e-01 1.313200369292215064e-01 1.502386598928208139e-01 1.259267060925124970e-01
9.930179490313441326e-02 5.575181427982815047e-02 1.868513852426692545e-01 0.000000000000000000e+00 9.730538901501513405e-02 6.663217789585446083e-02 2.098075594024265966e-01 2.021058428412540464e-01 9.264612995957333119e-02 5.439598042467139877e-02 1.520077843023254494e-01 3.193798581430735695e-01 9.665566128382185873e-02 5.225182181062178882e-02 1.929602312285142451e-01 1.973169349120322547e-01 1.080458379312436989e-01 1.474610716076848460e-01 1.385751408144588470e-01 2.160608027371078432e-01 2.448861889105157785e-01 2.094976984049544966e-01 1.436464154165825180e-01 1.437778338725986538e-01 1.510831913822547057e-01 1.759888216461070742e-01 1.789267445031950676e-01 1.710785804529825760e-01 1.532633086847573767e-01 1.506188584787664375e-01 1.741271966028514750e-01 1.612518827823559708e-01 1.388833916688576864e-01 1.541614066476238165e-01 1.246660221166834559e-01 1.951041634893837251e-01 1.516904535131443632e-01 1.535197607888269811e-01 1.740303069630941002e-01 1.957386493273509387e-01 1.690342791213344520e-01 1.791287154275533200e-01 2.315811481041451236e-01 2.527647918787157000e-01 2.237712517917088140e-01 1.565090383885741621e-01 9.422414103255813411e-02 9.065648108205275058e-02 1.380054335061176307e-01 1.953375104863503686e-01 1.923869665025280395e-01 2.623843143225478292e-01 2.198185894130434692e-01 1.043517124392312895e-01 1.139072122503084206e-01 1.472808346366027699e-01 1.650013872098079482e-01 1.303221134332659126e-01 1.143835913914561797e-01 1.422256567422650886e-01 2.028666855813948955e-01 1.164797646504549672e-01 1.405810598574316617e-01 1.636349837224471138e-01 1.498723658486349752e-01 1.737880493237613788e-01 1.116453692467139908e-01 1.379380916970674720e-01 1.497360026744185280e-01 2.340249676313446436e-01 2.271676655930228439e-01 1.682597828736099588e-01 1.353933627477248713e-01 1.519938894509606786e-01 1.912292156007078248e-01 1.738437253316483799e-01 1.617417717243176123e-01 1.453266919852373440e-01 1.587504812515672104e-01 1.429500145773507647e-01 1.483684126713851470e-01 1.735069976172902428e-01 1.878046415141562397e-01 1.336751604828617102e-01 1.763988788149648268e-01 1.567727850813956658e-01 1.734178304630938916e-01 1.885126451632961886e-01 1.715773401354906968e-01 1.676040106516685224e-01 1.951139014160769014e-01 2.159120291102125944e-01 2.292552614903941299e-01 2.087291982917085509e-01 1.065169763747218640e-01 1.071157593978765005e-01 2.459423521587465189e-01 2.082701896461070235e-01 2.150881052497473911e-01 2.243512203690593287e-01 2.520959912608693454e-01 2.229096432305357200e-01 2.361964827553083013e-01 2.809770978665321328e-01 2.818588753993930829e-01 1.744026489807884717e-01 1.716390570187054099e-01 1.117405172004045377e-01 1.452647239628411524e-01 1.658359449312434009e-01 1.567587153761373642e-01 1.607029410261883728e-01 1.526376045585946251e-01 2.014580766617291019e-01 1.538291733301312414e-01 1.842862084787660060e-01
5.492204798098089535e-02 2.943831589868558044e-02 4.655796063771492493e-02 9.730538901501513405e-02 0.000000000000000000e+00 3.065499867204244527e-02 1.319365120955508786e-01 1.442877131850354988e-01 5.463020736703746993e-02 2.902973188220426756e-02 4.807481689155715388e-02 9.366429150808879001e-02 1.168642548437815454e-01 2.649826889794236820e-02 1.118997261036399626e-01 1.216663836268957466e-01 4.809317619089996387e-02 7.066779379509616210e-02 6.586997148149652259e-02 8.759157932492407650e-02 9.359057010788660036e-02 8.348860293159748869e-02 6.959753455687549273e-02 7.186948846400390001e-02 7.360280919211319162e-02 8.568713768412523912e-02 7.113908437153690367e-02 7.049116075041261809e-02 6.512798411304342172e-02 6.972356923756324598e-02 7.253929632345816614e-02 6.755419084479273584e-02 5.520849816130939114e-02 6.392686127908006610e-02 5.678566985393839611e-02 7.166459131274022232e-02 6.393430879419617630e-02 5.874522554464105956e-02 6.993729542815979583e-02 6.749851980920117123e-02 7.053127077517686028e-02 7.723204492517685149e-02 1.068421536962084334e-01 1.118122396865518786e-01 8.290305827098085056e-02 6.964373850470173544e-02 4.858007250419608958e-02 4.475362712785638936e-02 5.431919195662286010e-02 6.421815857067741939e-02 6.719867639916075885e-02 1.031392377234024299e-01 9.218275775594032828e-02 5.392728478063708863e-02 5.710228196324555056e-02 6.548490822032361491e-02 6.443673588240653172e-02 6.525971780075839890e-02 5.197635873852374244e-02 9.935553160849341925e-02 9.170887678665301523e-02 6.119389355975745487e-02 5.816027258129428251e-02 7.098846803255821902e-02 7.062372756572302124e-02 7.979724712750252413e-02 5.070536505005047295e-02 6.708101019188057734e-02 7.072794334494446333e-02 9.342995648685553656e-02 8.628086839843288058e-02 7.267797842381200357e-02 6.758709406339759307e-02 7.268883913220422488e-02 8.710138179155700600e-02 6.934223755189587723e-02 6.704807338248736093e-02 6.170872467800802424e-02 7.000556919418597646e-02 6.433541711375130590e-02 6.445688611830137360e-02 6.774351236051573411e-02 6.914146068574311688e-02 5.756267708437830949e-02 6.235916764772491544e-02 6.439393929105156900e-02 6.409984531398882357e-02 6.628159672618812170e-02 6.644800921991914078e-02 7.050447169732061703e-02 6.885138815131443268e-02 9.052837057451984526e-02 8.453704296648142935e-02 8.015097665369062818e-02 4.826803537563196383e-02 4.931011742851366259e-02 7.707379096258840101e-02 6.983716648164822738e-02 8.333037989711820914e-02 7.687030841304369477e-02 1.086252324544994957e-01 6.867649809507787861e-02 9.441620556835200739e-02 1.254844156203236416e-01 1.024234748968655684e-01 6.228220370358944491e-02 6.009211732468148354e-02 5.635382892669361238e-02 6.709170733331654146e-02 7.551660682264903224e-02 5.744002030232558953e-02 1.001893372447423547e-01 6.076376785697671506e-02 7.954688996284133007e-02 6.413848208751263269e-02 7.767779953589486197e-02
3.756752306198180708e-02 2.456120794140545863e-02 4.331450817244686391e-02 6.663217789585446083e-02 3.065499867204244527e-02 0.000000000000000000e+00 1.039870930465115056e-01 5.120642498310407076e-02 3.518991826349842506e-02 2.389760679018203618e-02 4.125585688235602899e-02 6.069470543018194719e-02 2.935143206899897342e-02 2.605188919833468369e-02 6.061803516279065662e-02 5.041374630788671152e-02 3.907832790642067067e-02 6.058996454491403366e-02 6.060384697406934890e-02 5.987195881395340757e-02 7.313595056066740652e-02 7.469653135475215477e-02 5.921699774914046532e-02 6.268520824671384994e-02 6.718426863781588876e-02 6.771750571703727406e-02 6.691052582254786163e-02 7.354173279863492063e-02 6.365443034580377246e-02 5.677598957893380954e-02 6.503155007502542384e-02 5.959967766683525042e-02 5.578055169271990688e-02 5.902855431683508985e-02 4.991475667315477954e-02 6.374364652184019708e-02 6.305307428529825786e-02 5.667413696107179849e-02 6.574708188225494854e-02 7.563539918359714342e-02 6.609931092770493510e-02 7.326519323538940864e-02 7.825728795657224679e-02 8.421924123205251633e-02 7.800846486258844470e-02 6.979982481344775003e-02 3.425605331137508702e-02 3.821020562477248084e-02 4.274420748210309290e-02 5.331000745869572677e-02 5.753473681016183644e-02 6.274661236290185462e-02 5.253804637224471219e-02 4.314763593085950422e-02 4.756118670808900939e-02 5.939944387087953831e-02 5.078822922522761851e-02 4.516901836400403353e-02 4.442647127831142462e-02 4.615474852588465765e-02 5.491367710883121589e-02 4.493799920925187208e-02 4.710649034656224504e-02 4.550921156271484774e-02 4.436064996193123111e-02 4.859156160247732337e-02 4.184649688968650888e-02 6.064043743049053053e-02 6.039711626299304470e-02 6.727453659077872739e-02 7.607660173710827090e-02 6.837424515485347742e-02 5.943366373260868668e-02 6.638644825449940834e-02 7.282442074224455830e-02 7.002712647952497038e-02 7.430532908240652934e-02 5.953133564074836181e-02 6.977020957831149561e-02 5.253779413806874271e-02 5.977680718316489422e-02 6.172646995227501487e-02 6.289049778316477268e-02 5.265338798911533419e-02 5.864883506814965591e-02 5.987801382497476288e-02 6.899156517305357617e-02 6.748396353351859833e-02 7.089502954701715209e-02 6.338795149747218638e-02 8.158885455748224325e-02 8.690026236046491381e-02 7.994492632392817544e-02 8.749911297320525638e-02 3.695886232143578976e-02 4.324196374226497303e-02 6.082009118202735820e-02 4.575859476693625721e-02 5.230524725429726990e-02 6.238418990697672251e-02 7.929318903412532760e-02 5.206955933559148653e-02 5.210810531845290472e-02 7.543711075520734277e-02 6.757802583566734078e-02 4.723954135874623012e-02 4.564477671890797283e-02 4.295818104732060383e-02 5.508679723240603177e-02 4.876321277264915321e-02 5.184209436373738572e-02 4.567137807416574852e-02 4.551982994772500041e-02 4.670852523599600126e-02 4.450844543822042587e-02 4.536370454984331446e-02
8.565219103538944390e-02 4.905376662386243952e-02 1.092706649251769524e-01 2.098075594024265966e-01 1.319365120955508786e-01 1.039870930465115056e-01 0.000000000000000000e+00 2.458756996208289469e-01 8.109486789469151635e-02 5.176914572432757961e-02 1.120503320575834544e-01 1.969729601582407841e-01 1.042683826472699943e-01 5.387644172143573468e-02 3.836856769969668735e-01 2.295450697168858467e-01 8.959672159959550242e-02 1.577720443595041488e-01 1.479862880920120027e-01 1.825146437077856676e-01 1.921484784403437174e-01 1.811910084089985717e-01 1.647320794767944407e-01 1.602186306097070911e-01 1.609612787834682202e-01 1.997615190763399606e-01 1.801905517992922479e-01 2.239901698892822202e-01 1.711021437370072451e-01 1.550715934857531397e-01 1.832397291761881097e-01 1.813337788973706233e-01 1.683713119491407617e-01 1.686238930131445102e-01 1.332834232932251783e-01 1.676585243139530890e-01 1.631225648220931412e-01 2.060685426921134988e-01 2.080972996835184219e-01 2.442373134277041891e-01 1.897815594246714255e-01 2.444003280470172235e-01 2.504046511830131383e-01 2.627978274317491203e-01 2.187022199296767555e-01 2.292831636476237722e-01 8.926125664105145907e-02 8.712407855197169815e-02 1.169258701366533704e-01 1.595293801272498757e-01 1.931670962532859859e-01 1.641672598923153148e-01 1.450693977773005183e-01 9.343155243498992013e-02 1.171004132896864280e-01 1.761124084500098053e-01 1.186934346981800836e-01 1.329393070637512331e-01 1.271259847239636642e-01 1.133419207174418269e-01 1.573707597259857149e-01 1.087648889632964327e-01 1.203100478827097836e-01 1.196904636122344961e-01 9.857258404954495623e-02 1.085639334832154135e-01 1.031573138361477487e-01 1.536756576357936610e-01 1.751614605293223825e-01 1.963194581663295635e-01 1.872220217198685699e-01 1.633647536268958145e-01 1.564892616425681837e-01 1.594859929206269289e-01 2.169259507172901502e-01 1.916411159336200154e-01 2.241848222093024701e-01 1.587851652575277828e-01 2.078287337775528154e-01 1.413015863776543868e-01 1.613434406374618102e-01 1.697232413538929396e-01 1.857155810915067096e-01 1.539535501494442016e-01 1.830941044706776988e-01 1.702955743142066658e-01 1.787676539165819201e-01 2.508976116986855742e-01 2.152631751329623366e-01 1.923056259999994799e-01 2.588092001162790035e-01 2.792762136248735927e-01 2.265174509807888203e-01 2.773383537664306231e-01 9.447667483235587527e-02 1.043259710257834205e-01 1.921200557052580582e-01 1.165759190646109972e-01 1.583246115394340015e-01 2.177081122652173850e-01 2.519581288372091388e-01 1.555909767407987476e-01 1.426662708436802207e-01 2.341817473043478481e-01 1.775778823811929030e-01 1.084072698690596720e-01 1.189504714870067981e-01 1.099394574654196099e-01 1.573264288235591835e-01 1.505909149958541138e-01 1.694856120854398018e-01 1.125608133848330084e-01 1.153707895358945662e-01 1.298632438678967715e-01 9.740016795111226811e-02 9.765326615308393687e-02
8.254666368427689138e-02 3.976302141804853585e-02 8.914799432659234468e-02 2.021058428412540464e-01 1.442877131850354988e-01 5.120642498310407076e-02 2.458756996208289469e-01 0.000000000000000000e+00 8.048991900859464588e-02 4.235852698609708644e-02 9.449534893094008181e-02 1.947547753083923028e-01 1.187357709823050889e-01 4.527426447118295533e-02 2.322780564711827422e-01 2.936567719919107589e-01 8.483691630166838304e-02 1.295209427540443547e-01 1.158541647042466982e-01 1.676381311460566348e-01 1.910837904575327650e-01 1.587196352476743788e-01 1.213360087323052811e-01 1.208021397591506341e-01 1.186589626328009711e-01 1.456925402130435088e-01 1.238116829755308568e-01 1.294040476263904060e-01 1.181355297916076852e-01 1.133710996874115473e-01 1.212508947148635136e-01 1.495856697422647819e-01 1.139177166226997412e-01 1.382214871076845319e-01 1.004314596046009395e-01 1.446775611273002360e-01 1.041472337171031465e-01 1.833232387689582576e-01 1.605657153194134656e-01 1.685396357495732023e-01 1.257828889493425029e-01 1.721572460672397831e-01 2.146489245601618800e-01 2.249522822223962437e-01 1.543841509626391606e-01 1.525059812348835975e-01 9.493867078492898570e-02 8.280528713245698114e-02 1.505836087396360545e-01 1.943615930839228678e-01 2.160861396385235500e-01 1.745292900808899927e-01 1.546440341567240639e-01 9.692349966678456830e-02 1.350991502639029007e-01 1.456070157426691547e-01 1.690325983791708397e-01 1.589386344698682230e-01 1.637258567672902898e-01 1.280829625573807751e-01 2.038019717991915170e-01 1.464679669004046170e-01 1.781450718402428357e-01 1.661044138725987773e-01 1.102720321041455454e-01 1.371775820543983671e-01 9.081041173473218542e-02 1.193225666102124966e-01 1.337354210358949747e-01 1.788772657280079670e-01 1.684616756784628744e-01 1.286873116966630037e-01 1.162497717457027374e-01 1.165031663513647758e-01 1.501227463072801471e-01 1.201426905551058466e-01 1.203104743931242282e-01 1.092107639671383024e-01 1.257237038028311549e-01 1.072220731097571073e-01 1.069174671899646850e-01 1.139592364003536862e-01 1.535968037758848048e-01 1.069153456642569916e-01 1.651548150318503105e-01 1.354215002371083887e-01 1.159701412417089156e-01 2.007514370667340120e-01 1.513843989873608631e-01 1.526416873414560837e-01 1.477352991708797414e-01 1.815534198291201273e-01 1.550332487795756109e-01 1.737189781053083693e-01 9.866551076440865931e-02 9.822506895490407119e-02 2.220307099191098921e-01 1.838973315042972678e-01 2.121676482927201679e-01 2.178425137259858424e-01 2.232574577295250162e-01 2.287811290647120688e-01 1.541675132158744077e-01 2.543945127856420130e-01 1.937773047406473603e-01 1.613851603675429403e-01 1.695817193339230755e-01 9.411530028766422473e-02 1.537149431140040490e-01 1.828622588816982142e-01 1.928035803387257996e-01 1.379810216754804031e-01 1.665887361304348169e-01 1.878101905409502170e-01 1.063840833392314389e-01 1.281126271592516741e-01
2.953512369565210460e-01 1.143385514762386423e-01 1.123351454656217052e-01 9.264612995957333119e-02 5.463020736703746993e-02 3.518991826349842506e-02 8.109486789469151635e-02 8.048991900859464588e-02 0.000000000000000000e+00 1.494181213902930627e-01 1.240238790798785656e-01 9.551707486658229940e-02 5.996029299398381029e-02 3.353938282082920969e-02 8.112328206036410749e-02 9.542896272912020084e-02 2.515628216885743562e-01 2.126234477674417978e-01 1.961887612180987506e-01 1.472853185758341843e-01 1.852812764312436744e-01 2.022806777372599119e-01 2.184388098068756334e-01 1.902462032249748192e-01 1.895696599194130749e-01 2.489999413791705862e-01 2.183892695882709845e-01 1.976499099639534573e-01 2.317864173660259264e-01 2.562742595803840784e-01 2.502933145839230100e-01 2.168874323894844358e-01 1.585853951819013452e-01 1.778909139833164954e-01 1.952740451157730650e-01 1.448491324766937038e-01 1.885874237638624773e-01 1.484651289282605535e-01 1.683708519705758300e-01 1.166477664492922839e-01 1.631277293468149925e-01 1.176914167497977171e-01 1.053466253546690434e-01 1.568435760364509379e-01 1.627246299449746636e-01 1.435129403230535339e-01 1.220529657115772826e-01 2.625786763397366386e-01 1.839947061026284691e-01 1.310835329724874543e-01 1.513214603087967014e-01 1.187857375449950653e-01 1.290700557886756139e-01 2.893351118452976434e-01 2.276720912082913217e-01 2.035970009797773428e-01 2.555845736450960692e-01 1.467180849782607766e-01 1.700237052765420642e-01 2.846650033533881796e-01 1.661309016319517662e-01 2.291121413195144896e-01 1.736389488771482026e-01 2.301349469079880805e-01 2.900982929221432305e-01 2.888580880804758610e-01 2.408666491759355044e-01 2.097509413392319999e-01 2.264648721572299628e-01 1.725155065364507856e-01 1.732427394868555071e-01 2.148731751703742698e-01 1.829744436089487392e-01 1.813853413518199398e-01 2.424227114607681588e-01 2.190564015358943684e-01 1.790811466317492884e-01 2.206827144666331508e-01 1.911610403963596161e-01 2.512681254807880848e-01 2.221508214610720677e-01 2.448802389969665372e-01 2.396447133361978288e-01 1.998652640941354086e-01 1.340983342086452257e-01 1.739299001384228827e-01 1.611002047012135008e-01 1.391931142005563282e-01 1.604515066831142256e-01 1.919864276034880801e-01 1.282937064420627549e-01 1.297042059737108788e-01 1.506000561908494018e-01 1.419976341615774851e-01 1.156370857593527895e-01 2.301977005702728063e-01 8.896730098988861468e-02 1.806432340955512472e-01 1.141980206831143541e-01 1.111974560280586527e-01 9.587305478013147253e-02 1.395714409590498861e-01 1.186778346405458900e-01 1.182340594052578991e-01 1.589408004155207776e-01 1.991666769691604055e-01 2.122319124570273274e-01 2.347734750606674248e-01 2.132786203705256123e-01 1.827799648015164535e-01 1.223317482846310866e-01 2.705369697168860110e-01 1.786801611046006932e-01 2.091731023159761060e-01 2.670267404347828055e-01 2.513833792502528919e-01
1.165939536837714285e-01 1.247419600015165914e-01 4.959743151097060349e-02 5.439598042467139877e-02 2.902973188220426756e-02 2.389760679018203618e-02 5.176914572432757961e-02 4.235852698609708644e-02 1.494181213902930627e-01 0.000000000000000000e+00 5.072892394145593620e-02 5.401837148230533708e-02 3.010382764903945033e-02 2.374380629878664745e-02 5.255701545096056609e-02 4.754774807603632386e-02 8.911875715910007323e-02 9.817093726546996524e-02 8.908573637484341889e-02 6.435278428614768509e-02 7.138444001415565621e-02 7.722673444261893283e-02 1.198175043008089385e-01 9.112281012639023015e-02 8.797719257300291862e-02 1.302401835020221832e-01 1.047876513094034706e-01 1.173816546481293299e-01 1.337808543492418067e-01 1.377948785800305886e-01 1.338561296931645994e-01 1.217769162280080558e-01 9.902441774858450341e-02 8.931498562628914506e-02 1.058034939831799387e-01 6.520498990634976400e-02 9.454854297143584774e-02 9.892872086026316403e-02 9.311123882406482921e-02 6.819902012436807048e-02 9.609634247512639782e-02 7.251126494140559819e-02 5.916116360283112108e-02 6.852571865950460306e-02 7.872164697219401208e-02 8.663729459302324520e-02 5.971904361981809212e-02 1.642918616531851284e-01 7.468523840864514651e-02 5.530799708088979943e-02 7.132036510819007857e-02 6.578555161137498997e-02 5.087135785667341176e-02 1.547713979412539131e-01 1.204250649101616111e-01 1.308307991461071240e-01 8.101133611678473789e-02 7.703166413791701084e-02 9.788500402994443350e-02 9.517007446193129216e-02 6.117646507290193381e-02 9.693149393174910200e-02 7.126004513437815546e-02 7.161998080960570168e-02 7.723991224534881850e-02 8.588837654347827866e-02 1.083103833968656754e-01 1.001343847085947175e-01 1.232525812730029952e-01 7.083101216936305011e-02 7.101085588660270564e-02 9.204988532072812257e-02 8.965840095232550933e-02 8.478833024964609055e-02 1.208189432308545003e-01 1.092615376090494972e-01 1.069852233292214183e-01 1.269291116648130213e-01 1.123769914859453212e-01 1.374606138269968691e-01 1.164805968872599240e-01 1.326420512967644849e-01 1.178755620371585849e-01 1.147444072016684247e-01 6.700853626420637255e-02 8.491645173811920855e-02 8.298872747381205728e-02 9.040004523892819499e-02 9.138813695060651887e-02 1.147816023119311163e-01 7.470988564984824831e-02 7.374921453262903159e-02 7.399660607542976609e-02 8.154555365925152122e-02 5.611352758958541159e-02 1.323693740091002879e-01 6.895282482724977846e-02 5.483508445692620442e-02 5.661598129069775331e-02 5.960033529408505226e-02 6.409866607709827080e-02 6.029853074949435843e-02 5.271513748468152627e-02 6.072714748827098830e-02 6.013029258458041371e-02 6.571628357492430295e-02 7.251255402896863989e-02 1.414151469999997968e-01 1.224528426425683103e-01 7.699735801870589980e-02 7.475305852174410348e-02 8.738865073407478534e-02 7.763964490202231172e-02 6.155766561208297211e-02 7.320702746547012862e-02 7.133979109858443191e-02
1.131933728186551302e-01 4.558524834590488295e-02 1.342518376046509809e-01 1.520077843023254494e-01 4.807481689155715388e-02 4.125585688235602899e-02 1.120503320575834544e-01 9.449534893094008181e-02 1.240238790798785656e-01 5.072892394145593620e-02 0.000000000000000000e+00 1.928748790192110207e-01 4.908490717360976252e-02 3.713176557709812337e-02 1.067990460131446467e-01 1.013119349668857166e-01 1.263277309024265216e-01 1.861042247694641716e-01 1.833218443291205757e-01 1.464903851133972368e-01 1.997377283602631004e-01 2.094220097067739650e-01 1.870584183670378486e-01 1.826661124949446047e-01 1.887525126440849077e-01 2.069495225763393897e-01 2.082813442568251794e-01 2.005527959991411091e-01 1.801902665439840678e-01 2.010008608695647569e-01 2.374587454994942781e-01 1.963660231425681801e-01 1.717633891326593165e-01 1.846957153473206270e-01 1.669289310136500559e-01 1.777409771648130743e-01 2.002948718801820516e-01 1.611965163218397612e-01 1.849200028129424633e-01 1.730955640930232353e-01 1.694808930182000739e-01 1.551585368903439233e-01 1.573565076547016051e-01 1.917388738083924127e-01 2.106135908442870464e-01 1.619762586865520770e-01 8.434896492957540126e-02 1.106305361075833882e-01 1.211666830813955126e-01 1.489385157537915227e-01 1.625481644984833052e-01 1.420653439823050257e-01 1.247965505367085171e-01 1.157907998252778042e-01 1.373851829039435812e-01 1.806126173897879550e-01 1.442156645783618241e-01 1.159374729613751182e-01 1.242945472724973216e-01 1.193985669693631568e-01 1.401797239737108125e-01 1.161418647012130573e-01 1.227027392219413038e-01 1.291914626860465598e-01 1.434187398365014687e-01 1.445262738614763731e-01 1.300404774428715604e-01 1.827910478412538842e-01 1.892637695733066228e-01 1.748859039029321272e-01 2.021949225075834744e-01 1.998047768780790434e-01 1.725384936698685923e-01 1.859304382248732346e-01 2.194698831547017837e-01 2.053265388882710984e-01 1.822885692062691243e-01 1.695932012487360030e-01 1.852132693447928469e-01 1.767904744471238132e-01 1.910355302502023123e-01 2.048174324685037295e-01 1.960101354853388267e-01 1.705086942728006594e-01 1.635685019974722210e-01 1.788263099565218228e-01 1.930527338099091994e-01 1.644667158887767322e-01 1.793661709453995001e-01 1.782764464659757908e-01 1.908915789105158911e-01 1.738093567477256296e-01 1.998006538119313502e-01 1.864501200353891608e-01 8.399335415722959663e-02 1.180849758705762587e-01 1.233486485717897180e-01 1.153222059595549742e-01 1.145267206395348403e-01 1.437988996162792021e-01 1.403399482542973531e-01 1.262715304066328592e-01 1.150629496799797230e-01 1.519800285254803152e-01 1.701116963640546542e-01 1.179419032180485660e-01 1.191336859191102771e-01 1.185947689940849287e-01 1.554489729676439003e-01 1.226127262947419860e-01 1.212866162639031770e-01 1.144758824355915361e-01 1.063703426825075432e-01 1.237676399843275071e-01 1.381662705878161090e-01 1.215819245171890634e-01
9.360326240348829097e-02 5.365743596680993405e-02 1.322421643442872330e-01 3.193798581430735695e-01 9.366429150808879001e-02 6.069470543018194719e-02 1.969729601582407841e-01 1.947547753083923028e-01 9.551707486658229940e-02 5.401837148230533708e-02 1.928748790192110207e-01 0.000000000000000000e+00 9.666377771425664622e-02 5.273885377550555087e-02 1.957665430434780973e-01 2.116719222244693999e-01 1.085056637012235536e-01 1.368284062443781146e-01 1.298871800525782383e-01 2.046446427653690336e-01 2.364405860343777588e-01 1.964238805546006106e-01 1.362116456395350561e-01 1.303821160365265797e-01 1.394466435813958016e-01 1.661292660662788134e-01 1.728636765824066723e-01 1.654527677150657849e-01 1.502419751066734754e-01 1.507181320965624016e-01 1.798872072158746171e-01 1.617112321761879357e-01 1.388156641889786991e-01 1.495591528973712891e-01 1.247893327633971677e-01 1.884603508478770451e-01 1.493128483700712217e-01 1.700647837214357139e-01 1.738712006547519506e-01 1.962008133993932979e-01 1.595546173685541413e-01 1.769352692487360379e-01 2.338266772219412537e-01 2.574838395348830744e-01 2.085735607948431269e-01 1.636803055449952415e-01 1.049416214518198165e-01 9.912168608680468895e-02 1.605362054514662684e-01 2.062901376799796682e-01 2.173047328432760883e-01 2.534061491405460442e-01 2.187279140444889636e-01 1.140581862556064169e-01 1.324522890017391374e-01 1.537775519668855562e-01 1.925873374352881084e-01 1.447580768686046737e-01 1.501333387264913999e-01 1.613024208852377739e-01 2.246803055343776501e-01 1.545534100004050393e-01 1.761329284747215618e-01 1.895022520305358060e-01 1.505106791506571617e-01 1.904673651440850490e-01 1.045868173940849161e-01 1.279219246378157648e-01 1.410568338907481623e-01 2.236653909984833155e-01 2.120549914438828731e-01 1.538726062330636746e-01 1.233802590685035422e-01 1.383820510116781088e-01 1.783791213862487568e-01 1.627885445515671881e-01 1.506191266086951142e-01 1.415670527748738305e-01 1.468815196268050405e-01 1.383614510126390806e-01 1.395893714944387021e-01 1.586485810293229715e-01 1.669771541450962571e-01 1.315907921370071954e-01 1.503690594144389270e-01 1.394118874469160996e-01 1.595893682133469604e-01 1.601880682608694262e-01 1.535480291774516670e-01 1.475806423131444944e-01 1.744816794266428051e-01 1.854189782588478996e-01 2.011121633872596515e-01 1.878575048905412881e-01 9.345188137130944206e-02 1.021104306571790077e-01 1.981280141385238225e-01 1.774068854398382633e-01 1.743919669191106026e-01 1.845342575733061874e-01 2.124133338993932085e-01 1.875564050733064814e-01 2.097670949039428800e-01 2.481762116885744551e-01 2.418296042618808539e-01 1.521714727434779479e-01 1.486627699762386179e-01 1.077063132775532006e-01 1.362433193195145553e-01 1.519094364081901571e-01 1.393124477234579384e-01 1.493504661693627333e-01 1.400205517836194402e-01 1.725734202441862319e-01 1.405817327472192457e-01 1.697640092173913484e-01
6.072819823806871464e-02 2.909711623877658457e-02 4.738938700515676894e-02 9.665566128382185873e-02 1.168642548437815454e-01 2.935143206899897342e-02 1.042683826472699943e-01 1.187357709823050889e-01 5.996029299398381029e-02 3.010382764903945033e-02 4.908490717360976252e-02 9.666377771425664622e-02 0.000000000000000000e+00 2.754379177522746358e-02 1.188324670682505690e-01 1.516960587664307747e-01 5.067699586830121117e-02 6.975266617214351261e-02 6.385966252300301349e-02 8.851555283771485316e-02 9.220103718705759122e-02 8.208769824777549518e-02 6.970284918402418206e-02 7.025929913326590948e-02 7.037148715126391452e-02 8.498411701011136798e-02 7.285411000318488262e-02 6.919579876233564186e-02 6.593825930245701683e-02 6.840608556716870625e-02 7.230713455434287229e-02 6.821056811152677313e-02 5.420774434039442313e-02 6.231407951567238812e-02 5.624235214039432357e-02 6.974891057542967343e-02 6.232950821941355551e-02 5.685143676895849929e-02 6.733449180259162836e-02 6.239623143991396975e-02 7.013765950930234139e-02 7.285394249661281130e-02 1.047071814044488042e-01 1.092428469282610143e-01 8.042247789271993186e-02 6.649966655353899136e-02 5.040154188774025046e-02 4.961969869752276552e-02 5.684257892113247362e-02 6.074881757376137531e-02 6.744554374165818988e-02 9.925214066941347169e-02 9.113411961253786719e-02 6.149589335035388765e-02 6.030013946509608230e-02 6.449452378715875289e-02 6.965293077704766411e-02 7.073333657912024564e-02 5.539086559858440173e-02 1.165350676309403199e-01 1.023567425703235806e-01 6.862921006673414204e-02 6.110540091516691169e-02 7.912758104600593756e-02 7.825510885439841691e-02 9.147791611172886861e-02 5.347403801557123332e-02 6.728938350181998262e-02 7.195828073538919345e-02 9.457036335187055109e-02 8.518241116592520368e-02 7.318051721689576572e-02 6.657520814706767431e-02 7.053922490657227318e-02 8.590367042659266539e-02 6.900100786198168357e-02 6.410400614155711829e-02 6.167324783720932319e-02 6.724517784676448118e-02 6.596653987917085182e-02 6.365920615996864540e-02 6.944017214084946543e-02 7.014390537891806998e-02 5.785189303877662920e-02 5.808034649160764146e-02 6.340212888008085745e-02 6.352395027603630062e-02 6.140211646941207135e-02 6.415555275298275018e-02 6.850523253144596980e-02 6.168520761799797109e-02 7.682201465722963973e-02 7.945646615098581056e-02 7.669479430252783281e-02 4.791579725825073632e-02 5.164361554570268825e-02 6.689593023402433392e-02 6.963863978112745656e-02 7.291854311375134401e-02 6.607381409993937083e-02 9.380585342568231733e-02 6.751435100303324055e-02 9.199045071081887737e-02 1.154253173761375095e-01 1.003177494828108585e-01 6.585416646395356177e-02 6.252114730990898650e-02 5.653198850525274072e-02 6.683082995277536686e-02 7.083089762315454563e-02 5.515713189625883611e-02 1.070861589625884125e-01 6.401741412621853033e-02 8.286741131698682761e-02 7.167908701253795922e-02 8.911053564812958239e-02
